5.491
3.668
4.682
4.471
4.354
4.023
4.451
5.589
3.323
4.447
4.183
4.84
4.926
3.813
4.839
5.143
4.413
5.185
5.382
3.789
4.958
4.393
3.347
4.998
5.378
4.689
4.668
5.512
4.778
5.021
4.063
3.902
4.598
5.378
5.246
5.688
4.161
4.787
4.523
4.135
5.171
5.957
4.226
3.642
4.554
5.112
5.212
5.02
5.103
4.207
5.535
4.762
4.487
4.384
4.832
5.009
4.388
4.411
3.202
4.79
4.719
5.543
4.551
4.963
4.097
4.34
3.55
4.612
5.605
4.708
4.952
4.739
4.952
5.484
4.682
3.365
5.541
5.169
5.387
5.704
4.459
5.221
5.625
5.427
4.346
3.59
5.43
5.283
3.682
5.155
4.647
5.137
4.745
5.153
5.032
5.146
4.376
4.749
4.477
4.17
5.134
4.489
5.439
4.791
3.389
5.064
4.696
5.118
3.996
4.402
5.061
3.592
4.87
3.357
4.52
4.887
3.737
5.066
5.151
5.183
5.026
4.156
4.683
4.539
4.692
5.037
4.67
5.063
4.138
4.237
3.441
5.205
4.108
4.38
4.539
4.375
5.282
4.655
3.822
3.753
4.73
4.325
4.872
3.472
5.206
5.102
5.012
4.203
5.004
5.374
5.062
5.081
5.796
5.741
5.414
4.454
4.667
4.121
4.763
4.878
4.722
5.306
3.61
4.272
5.061
5.172
3.849
4.699
4.566
4.735
4.388
4.913
4.565
5.43
5.177
4.458
5.88
4.48
4.853
5.774
3.595
4.184
4.752
4.126
5.04
3.812
4.63
5.421
4.369
5.053
3.316
4.506
5.029
4.995
5.185
3.622
5.09
4.37
5.631
5.369
5.407
5.444
4.094
4.738
4.778
4.876
5.47
5.183
5.007
3.623
4.737
3.674
4.817
4.788
4.244
3.798
5.174
4.595
5.248
5.605
3.881
3.603
4.506
4.655
5.365
5.055
4.844
3.858
4.285
5.145
4.062
4.185
4.372
5.741
5.083
5.61
5.06
5.257
4.554
4.481
4.11
4.734
5.497
4.128
4.032
3.361
4.592
4.94
5.632
3.717
4.856
4.933
3.891
4.896
4.055
5.297
4.231
4.389
4.224
4.498
5.216
5.056
4.774
5.193
3.677
4.887
3.968
4.875
5.629
4.968
5.321
5.35
4.847
4.908
4.661
4.942
5.075
4.222
5.012
4.638
3.656
5.069
3.782
4.215
4.651
4.2
3.987
4.775
3.195
5.096
5.252
4.337
4.598
4.917
4.88
4.403
5.347
5.183
5.504
4.652
5.555
4.905
4.586
5.65
4.433
5.368
3.812
3.187
4.878
4.488
4.758
5.166
4.32
5.708
4.621
4.979
5.411
4.243
5.295
5.569
5.345
4.205
3.855
3.878
4.604
4.504
3.631
4.043
5.234
3.708
5.501
4.67
3.763
5.071
5.428
4.739
5.232
4.247
4.449
4.293
5.103
4.927
5.35
5.923
4.53
4.27
4.408
4.409
4.905
4.055
4.037
4.814
4.731
4.034
5.033
4.9
5.05
4.568
5.214
5.117
5.055
3.676
4.487
4.635
5.034
3.275
4.949
4.431
4.497
5.211
4.282
5.768
3.942
5.126
4.999
4.979
4.566
4.29
5.421
3.782
5.024
3.71
5.221
5.136
4.076
3.357
3.272
4.156
5.498
4.991
5.075
5.026
4.775
4.919
4.418
4.755
3.72
3.268
4.768
5.236
4.945
3.828
4.537
4.346
5.18
5.686
3.912
4.275
5.515
5.185
5.021
5.547
4.199
5.168
4.098
3.519
4.71
4.43
4.569
4.379
5.161
4.479
4.648
5.593
3.85
4.465
4.506
4.044
5.087
4.909
5.898
4.798
4.971
5.507
5.102
4.882
4.668
4.387
4.79
3.879
4.36
4.932
3.991
4.08
5.448
5.248
5.131
3.275
5.837
4.923
4.865
4.866
4.923
4.974
3.975
4.121
4.28
5.061
4.184
4.418
4.77
3.488
4.718
5.468
4.028
5.375
5.082
4.982
5.62
4.227
4.226
4.883
4.505
5.469
3.882
4.493
5.026
3.844
4.927
5.888
4.391
4.119
4.034
3.65
5.012
5.549
5.263
4.87
4.841
5.251
4.12
4.054
4.413
4.759
4.504
5.011
4.396
4.97
4.937
5.297
4.972
4.1
5.475
5.501
4.781
5.767
3.707
3.524
5.482
4.847
4.627
4.526
4.617
3.332
4.804
4.69
4.385
4.706
4.374
3.694
5.184
4.471
5.13
5.369
4.409
4.975
3.587
3.46
4.681
4.951
3.768
5.126
5.191
4.957
4.576
5.302
4.275
5.973
4.321
5.456
5.085
4.074
4.684
5.139
5.132
5.277
4.674
4.661
4.324
3.751
4.701
5.668
4.498
4.619
4.336
4.634
4.357
4.288
4.741
5.652
4.2
5.076
4.718
3.265
5.095
5.191
5.502
5.591
3.515
4.817
4.277
4.313
3.693
4.468
5.021
5.354
5.295
4.332
5.257
5.01
3.578
5.142
3.352
4.922
4.863
4.327
3.645
4.484
4.426
4.318
4.704
3.763
5.447
4.467
5.054
4.659
4.528
5.226
4.827
4.896
5.177
4.456
5.667
4.793
3.881
4.109
4.08
5.24
5.598
4.186
4.762
4.928
3.972
4.796
5.435
4.68
4.623
5.221
5.027
4.982
4.782
3.709
4.98
4.402
4.402
4.112
5.344
3.959
4.523
5.204
4.775
5.852
5.444
4.997
3.608
5.31
4.942
3.357
4.361
5.409
5.206
4.657
5.259
4.437
4.884
4.937
5.094
5.831
3.865
4.447
5.944
5.585
4.247
4.987
4.83
4.74
4.869
5.553
4.615
4.768
4.525
4.309
4.798
4.628
4.097
4.236
5.343
4.719
4.525
3.961
4.487
5.406
4.893
5.522
4.974
5.322
3.814
3.736
4.553
4.039
4.253
4.041
5.664
3.965
4.199
4.649
5.074
4.858
4.074
3.242
5.252
4.993
4.119
3.607
4.67
5.164
4.748
4.287
5.248
4.323
4.958
4.496
4.959
4.973
4.919
4.749
3.702
4.8
5.051
3.612
4.162
3.816
5.382
4.998
4.836
4.317
4.848
5.117
4.694
4.686
5.229
3.998
3.461
5.073
4.576
5.391
5.488
5.341
4.536
4.317
4.657
5.031
3.328
4.517
4.744
4.911
4.821
5.259
4.99
5.162
5.119
4.666
3.866
5.166
4.276
5.181
4.594
5.123
4.14
4.328
3.766
5.315
3.12
4.359
4.957
4.682
5.044
5.461
4.618
3.361
4.908
5.072
4.612
3.722
5.167
3.73
4.854
4.346
4.359
4.904
4.245
4.47
3.701
3.684
4.666
3.873
5.084
4.361
4.509
4.265
3.968
4.046
5.608
4.671
5.016
4.967
5.2
4.701
3.879
3.321
5.81
5.553
3.642
5.002
4.619
4.648
5.353
4.798
4.429
3.964
4.32
4.734
3.713
4.554
3.493
4.496
4.345
4.551
5.564
4.29
4.438
4.801
4.734
3.992
5.549
3.381
4.505
4.538
3.875
4.403
5.205
5.189
5.213
5.048
4.954
3.672
4.199
4.566
4.807
5.072
4.907
4.543
5.838
5.704
4.684
4.406
4.181
4.478
4.284
4.999
4.98
3.933
4.499
4.914
5.025
4.643
3.625
5.831
4.56
4.073
5.757
5.739
3.622
4.68
4.536
5.961
3.654
5.318
4.122
4.674
4.487
5.025
3.458
4.115
4.042
5.124
5.033
4.698
5.352
3.677
4.745
3.873
3.904
5.433
5.558
4.33
5.791
4.565
5.535
4.816
4.756
4.462
5.636
5.175
5.155
5.308
4.957
4.266
3.918
5.416
3.615
4.605
5.123
5.375
5.028
5.083
5.138
3.642
3.639
4.882
4.374
5.74
4.954
3.846
5.217
4.239
5.511
4.553
4.411
3.101
4.925
4.637
4.632
4.126
5.356
4.859
4.766
4.081
4.124
4.258
5.298
3.503
3.999
4.978
3.961
5.837
5.083
3.669
4.833
4.495
5.248
4.353
5.751
5.008
5.449
4.483
3.695
5.05
4.242
5.16
5.167
3.72
5.488
3.719
4.225
4.169
4.436
3.615
4.873
4.546
3.849
4.99
5.007
4.6
4.289
5.024
3.579
4.316
5.324
4.782
5.415
4.994
4.459
5.496
4.977
5.27
4.479
4.666
5.007
4.629
3.876
4.206
4.29
4.264
5.002
3.691
4.37
4.522
5.023
4.245
4.374
5.411
5.054
5.096
5.388
5.204
5.407
4.053
4.358
5.419
3.289
4.597
4.248
4.712
3.99
4.705
4.557
4.705
5.089
4.751
3.453
4.962
4.713
5.245
3.911
4.09
5.428
4.249
5.058
5.295
5.164
5.168
4.468
4.594
5.232
4.228
5.179
4.682
3.559
5.113
4.888
5.105
5.482
4.106
5.012
4.444
3.575
5.316
4.549
4.707
4.494
3.367
5.168
4.156
5.059
3.652
5.133
4.775
3.532
4.667
4.765
4.966
5.421
4.187
3.585
4.137
3.933
4.647
4.059
4.138
4.245
5.273
4.782
5.554
5.21
4.226
4.843
5.117
4.485
4.424
5.801
4.375
4.323
4.199
4.137
4.709
4.685
3.796
4.871
4.803
5.7
4.622
5.591
4.612
5.562
4.508
4.236
5.162
4.48
4.361
3.947
5.203
4.853
3.752
4.929
5.003
5.128
4.459
5.674
5.22
5.463
5.024
3.495
4.238
5.235
5.628
4.079
4.619
5.148
5.619
4.346
4.999
4.993
4.326
4.148
4.983
4.813
3.6
5.316
5.213
5.062
4.695
3.326
4.334
4.496
5.389
4.083
4.86
5.198
4.962
3.763
4.425
5.718
3.887
3.383
3.813
4.879
3.791
3.425
5.31
4.059
5.205
3.557
4.459
3.83
3.798
3.992
5.587
4.972
4.112
5.512
4.112
5.268
3.975
5.183
4.472
4.215
4.155
3.795
5.303
3.65
4.582
4.561
3.925
4.832
3.734
4.824
4.745
4.07
5.125
4.792
4.425
5.77
4.929
3.227
5.121
4.647
5.167
5.362
5.096
4.8
5.116
5.017
4.777
5.066
4.486
4.921
4.593
5.33
4.087
5.616
4.522
4.007
3.678
3.754
4.478
4.82
3.195
4.976
4.257
4.811
4.072
4.209
4.076
4.954
3.476
5.219
5.527
4.628
5.187
3.962
5.373
4.786
3.655
3.809
4.755
3.703
4.308
3.758
3.28
5.006
4.163
5.556
4.32
4.799
4.264
4.328
5.578
3.866
4.428
4.613
5.075
4.177
5.263
4.634
5.006
4.655
4.431
4.043
4.564
4.711
5.122
3.838
5.087
5.27
5.173
5.494
4.732
3.763
4.168
4.58
4.542
4.697
4.868
4.736
3.374
5.26
3.743
3.158
4.658
5.248
4.53
4.573
4.792
5.319
4.959
3.191
4.494
4.962
4.094
5.432
4.906
3.389
4.71
4.579
5.226
3.26
3.688
4.806
3.917
3.924
3.916
4.487
4.678
3.972
4.585
5.036
4.513
4.383
4.715
5.301
5.539
4.34
5.315
3.067
4.982
4.289
5.084
5.205
5.648
4.954
4.692
4.02
4.267
3.757
4.539
4.786
4.829
5.4
4.796
3.976
4.397
5.44
5.062
4.626
3.142
4.854
4.81
4.554
5.202
5.115
5.311
4.37
4.165
3.462
4.428
4.733
5.216
4.41
4.716
3.803
4.874
5.143
4.796
4.121
5.638
3.883
4.951
4.736
4.78
5.702
3.954
5.515
5.347
4.992
4.882
4.367
5.589
4.157
3.496
5.678
4.355
4.224
3.251
5.599
4.527
5.1
3.736
4.171
5.168
5.095
4.804
4.763
4.599
4.184
3.766
5.597
4.224
3.852
5.008
5.32
4.934
3.844
4.237
4.979
4.134
5.582
5.065
4.563
5.228
4.355
5.578
4.971
4.676
5.032
4.464
5.025
5.202
5.337
4.969
5.243
4.705
4.239
4.558
3.683
4.594
3.557
4.338
4.195
4.444
5.452
4.22
4.681
4.952
5.378
5.838
4.113
5.594
5.1
4.638
4.941
4.539
5.062
5.013
5.125
4.888
3.532
4.911
5.25
5.017
4.96
3.559
4.703
4.199
4.868
4.069
3.532
5.026
3.382
5.073
4.68
4.863
4.461
4.788
5.411
5.173
3.568
5.266
4.93
5.062
4.888
4.559
5.253
5.232
4.64
4.086
4.767
5.165
4.516
4.815
4.381
5.224
5.69
5.61
3.882
5.009
5.3
4.737
4.085
4.715
5.523
4.74
5.004
5.576
4.548
4.75
3.963
4.343
5.172
4.54
3.861
4.084
5.017
3.674
5.748
4.658
3.714
5.417
5.41
4.552
5.263
5.484
5.253
5.933
4.116
3.814
4.449
5.07
4.356
5.447
5.087
4.977
4.798
5.021
4.949
4.623
5.006
4.24
4.703
4.945
5.169
3.748
4.32
5.105
4.417
4.717
4.262
5.5
3.983
5.157
4.35
4.033
4.422
4.288
5.525
4.433
4.884
4.188
3.977
3.918
3.805
5.845
5.454
4.407
4.981
4.683
4.861
3.234
4.011
4.645
5.098
3.567
3.76
4.725
5.135
4.349
5.164
4.479
4.942
3.996
4.496
4.121
3.176
4.959
5.511
3.621
4.113
5.262
3.787
4.778
4.158
5.292
3.241
3.735
3.791
3.973
5.318
5.054
3.714
4.574
3.691
3.916
4.572
4.534
4.483
5.088
4.932
4.768
3.433
4.317
5.111
5.144
4.423
4.814
5.155
3.521
5.354
5.291
5.226
5.727
5.417
4.782
5.006
5.596
4.766
3.778
3.338
4.044
4.944
5.325
4.887
5.255
4.475
5.317
4.613
5.134
5.041
5.173
4.754
4.753
5.93
4.718
4.781
4.257
4.839
4.508
4.206
3.797
4.856
5.158
4.897
3.741
5.635
5.601
5.101
4.661
5.068
5.16
3.662
5.584
3.953
5.175
4.46
5.317
4.688
3.469
4.046
4.576
5.056
4.642
4.576
4.218
4.848
5.092
4.644
4.424
5.454
5.085
5.002
3.421
4.007
5.13
4.977
5.824
4.91
4.886
4.441
4.433
5.343
5.48
4.377
3.239
4.494
3.416
4.862
5.718
4.883
4.306
3.76
4.326
4.67
3.661
3.715
4.945
5.003
5.459
4.348
3.939
5.037
4.451
5.239
5.205
5.226
5.389
4.12
4.96
4.708
4.344
3.092
5.106
5.355
4.339
5.712
5.193
4.624
5.812
5.134
5.443
4.87
5.34
5.271
5.413
4.071
5.072
4.932
3.571
5.674
5.079
4.24
4.272
4.027
4.103
4.284
4.652
4.754
5.062
5.089
3.746
5.261
5.667
5.394
4.236
4.814
4.123
4.437
5.133
4.089
4.696
4.997
4.719
4.06
5.918
5.682
4.91
4.64
4.929
5.335
4.417
5.126
4.903
4.013
5.063
4.126
5.626
4.142
3.638
4.763
4.596
5.34
3.622
5.357
5.252
4.932
5.346
4.938
4.102
5.076
3.677
5.062
4.661
5.1
5.221
4.982
4.244
5.172
4.697
5.449
5.104
4.042
4.462
4.218
4.366
3.823
4.85
4.982
4.756
5.33
5.059
4.268
4.442
5.499
4.693
3.731
4.894
5.247
5.056
5.062
5.113
3.966
4.526
4.759
5.225
3.825
4.748
4.668
4.691
5.389
4.897
4.074
5.648
5.519
5.054
5.023
5.518
4.309
5.478
4.53
5.288
3.731
4.929
4.715
5.187
3.871
5.051
4.395
5.851
4.864
4.963
5.637
5.429
5.331
5.639
5.675
4.484
4.942
5.261
5.056
4.543
5.504
4.906
3.965
4.782
4.576
4.82
5.477
3.854
3.711
5.533
4.457
4.665
5.01
5.321
4.484
4.875
4.035
5.416
3.742
4.721
4.352
3.824
4.598
4.256
4.941
5.286
4.099
4.936
3.471
5.816
5.35
3.733
3.529
3.87
5.668
3.735
3.767
5.546
3.757
4.858
4.439
4.909
4.022
3.972
5.311
5.817
3.706
4.744
4.134
5.409
4.028
4.514
5.075
4.53
4.541
5.385
3.434
4.663
5.219
4.443
4.352
4.082
5.281
4.461
4.426
5.005
4.62
5.397
5.433
5.118
4.443
5.818
3.301
4.262
5.031
5.295
4.544
5.079
5.054
4.125
3.796
4.398
4.145
5.364
4.49
5.239
3.868
4.355
5.12
4.013
5.325
4.082
5.088
4.18
4.427
4.001
5.285
4.45
5.711
5.258
4.686
4.726
3.996
3.841
4.395
4.117
4.754
5.087
4.842
3.574
3.451
3.674
5.482
5.23
4.21
5.393
5.347
3.627
4.621
4.935
3.55
4.021
5.178
4.738
4.657
4.59
4.388
4.994
5.076
4.12
4.413
5.055
5.214
4.715
5.22
5.52
4.437
5.445
5.168
4.703
3.764
5.31
4.684
4.717
3.805
4.413
3.084
4.377
4.806
5.486
5.177
4.664
3.523
4.563
5.472
4.234
4.397
5.246
5.324
4.559
5.164
5.106
5.109
4.029
5.562
3.552
5.278
5.063
4.221
5.151
5.56
4.599
5.07
4.301
3.83
3.929
4.366
4.608
3.446
5.233
4.344
4.426
3.426
5.568
4.284
4.106
5.064
4.256
5.38
3.957
4.965
4.08
4.116
4.758
5.942
4.991
3.204
5.42
5.292
4.733
4.35
4.467
4.644
4.39
4.833
5.281
5.108
4.272
4.7
5.627
4.549
5.011
4.878
5.669
4.667
3.926
4.946
5.778
5.02
4.195
5.597
4.616
5.405
4.531
4.961
4.854
4.65
4.816
5.17
5.478
4.115
4.585
3.78
3.695
4.102
5.591
4.842
4.625
4.635
4.083
3.861
4.408
5.532
4.761
3.44
4.174
4.527
5.139
3.801
4.43
5.727
3.386
4.991
4.931
3.401
5.07
4.622
3.805
4.992
5.516
3.965
4.88
3.996
4.486
4.476
4.726
4.784
5.452
5.222
3.383
4.292
3.967
4.014
4.481
3.664
4.734
5.066
4.632
5.289
5.067
4.142
5.609
3.265
4.865
4.336
5.232
5.618
4.504
4.013
4.217
5.651
3.239
5.037
3.262
5.043
5.199
4.834
4.299
4.737
4.691
4.777
4.073
4.231
4.008
5.193
5.07
3.905
4.28
4.036
5.596
4.869
3.935
4.588
5.307
3.578
4.359
4.832
3.776
4.345
4.244
4.85
5.457
5.205
5.649
5.066
4.765
4.045
4.991
5.955
3.77
5.266
4.803
4.666
4.961
4.769
5.662
5.429
4.848
4.739
4.187
4.349
4.655
4.2
4.735
3.463
5.503
5.267
4.493
4.594
5.75
4.67
3.544
4.156
4.568
3.334
5.331
4.274
3.902
5.402
4.42
4.916
3.378
5.23
4.915
4.357
3.716
3.506
5.365
4.967
4.07
4.563
4.875
3.664
5.376
4.722
4.168
5.513
3.615
5.527
4.164
5.482
4.84
4.484
4.263
4.3
5.5
5.123
3.53
5.304
5.609
4.345
4.565
5.689
4.122
4.495
4.312
5.862
4.584
3.895
3.445
5.406
5.014
5.082
4.664
5.278
3.97
4.136
3.891
4.335
5.523
5.289
5.025
4.408
5.054
3.99
5.041
5.013
5.069
3.394
3.818
5.231
5.309
5.268
5.017
5.343
5.227
5.099
5.118
3.592
3.812
5.701
4.093
3.976
4.33
5.584
3.172
4.82
5.289
4.809
4.597
5.231
5.077
3.974
5.719
3.923
5.137
3.642
5.579
4.498
5.328
4.204
4.029
5.7
4.307
5.034
4.513
4.125
4.853
5.149
4.526
4.825
5.029
5.066
4.382
4.682
5.768
4.118
4.412
4.5
4.137
4.689
4.861
4.247
4.578
4.782
4.727
4.798
4.333
5.569
4.437
5.349
5.274
4.842
5.503
5.266
4.368
5.192
3.931
5.343
4.726
5.555
5.252
4.798
5.411
4.73
4.842
4.892
4.394
4.915
5.594
4.524
4.582
3.557
5.205
4.609
5.036
4.977
5.082
4.509
4.908
4.968
4.385
5.963
4.861
5.115
3.466
4.113
5.266
3.918
4.472
4.393
3.435
4.329
5.719
3.967
4.713
4.945
4.832
4.639
4.567
3.879
4.828
4.434
4.819
3.318
5.199
5.009
5.432
3.667
5.382
5.184
4.463
5.314
4.971
4.368
4.852
5.205
3.435
4.221
3.873
4.494
5.204
4.988
5.073
4.516
4.975
5.07
5.62
4.501
5.238
3.2
5.359
3.874
3.639
5.206
5.663
5.346
5.7
5.91
5.023
3.214
5.349
4.272
4.101
4.566
5.142
4.762
5.57
3.637
3.806
4.123
5.035
4.479
4.4
4.13
5.005
5.387
4.093
4.84
3.813
4.498
4.936
4.196
4.825
5.22
5.001
5.486
3.69
5.236
4.695
4.381
5.096
4.224
4.166
5.067
5.879
5.428
5.47
4.139
4.815
4.395
5.311
4.033
4.276
5.724
5.703
3.991
4.447
5.128
4.338
4.911
5.357
4.308
5.101
4.275
5.19
5.576
4.417
5.308
4.024
4.549
3.256
5.807
4.311
3.817
5.587
3.787
3.661
4.962
4.134
5.049
3.902
4.277
4.708
3.246
3.335
4.205
4.245
4.722
3.908
3.554
5.532
4.886
5.585
5.36
4.964
4.887
5.494
3.769
5.339
4.831
4.543
3.999
3.673
5.481
4.695
4.636
4.368
4.544
4.535
4.487
3.966
4.195
3.873
4.852
4.047
4.552
4.058
5.433
4.668
4.912
4.648
4.754
5.263
3.746
5.159
4.947
4.414
4.745
5.478
5.213
4.463
5.24
4.294
5.169
5.139
4.508
4.725
4.884
5.115
3.504
4.331
4.122
4.685
4.947
5.559
4.518
4.015
4.913
3.089
3.302
4.606
4.87
4.158
4.329
3.597
4.519
3.625
5.118
3.135
4.399
5.014
3.695
5.085
5.583
4.826
4.508
3.452
4.89
4.488
5.749
4.56
4.767
4.382
5.736
4.826
4.486
4.574
4.715
3.371
4.117
5.46
4.202
3.758
4.091
5.325
5.204
5.1
4.006
4.23
4.266
4.284
5.589
3.422
5.365
4.57
5.504
4.315
4.627
4.137
4.101
3.983
4.945
3.965
4.979
5.866
5.274
4.517
4.364
4.939
4.998
5.027
4.81
3.619
5.395
4.374
3.969
4.99
4.191
4.535
3.899
4.835
5.758
5.194
5.575
4.858
5.04
4.518
4.433
4.639
5.016
5.563
5.283
5.326
4.922
4.634
5.199
4.646
4.547
5.74
5.349
4.75
4.201
3.953
4.18
4.396
5.234
4.436
3.685
3.974
3.55
4.947
4.381
5.46
4.157
5.641
4.199
4.031
4.751
5.302
5.413
5.805
4.441
5.539
4.746
4.118
4.813
5.218
4.483
5.25
3.804
5.369
5.072
4.018
4.504
5.087
3.77
5.059
3.744
4.581
5.534
4.418
4.887
4.02
4.416
4.19
5.142
5.271
4.248
3.703
5.784
5.647
4.458
4.721
5.142
5.141
3.33
5.676
4.832
3.25
5.001
3.366
3.813
5.057
5.633
5.591
4.201
4.616
4.474
4.95
5.081
5.337
5.068
3.555
4.425
4.846
4.091
5.745
4.778
3.912
4.037
4.867
4.396
4.496
4.308
4.885
4.568
5.624
4.32
3.986
3.956
5.05
5.274
4.063
5.37
4.556
5.07
4.968
4.059
4.679
4.655
5.36
3.211
5.72
3.972
4.627
4.965
3.743
4.21
4.457
3.283
5.107
3.701
3.07
4.252
4.289
4.599
5.074
4.772
5.599
4.192
3.164
4.454
3.284
4.527
5.741
3.934
4.697
3.436
4.302
4.854
4.989
5.554
5.386
5.209
5.064
4.259
3.513
4.987
3.494
4.927
3.495
3.452
3.855
4.531
3.698
3.984
5.305
5.071
4.93
4.627
3.63
3.677
4.14
4.237
4.814
4.073
3.85
4.991
4.424
5.258
5.214
3.965
5.405
3.994
5.46
4.698
5.696
5.173
4.81
3.373
4.561
5.688
5.433
4.521
4.049
3.735
5.411
4.977
5.081
4.092
4.505
3.988
5.11
4.985
5.559
4.868
4.766
4.949
5.557
4.821
4.118
4.658
4.485
4.807
4.628
4.618
4.427
5.74
4.815
4.481
4.888
4.388
5.155
3.844
5.05
5.45
5.255
5.174
4.515
5.379
4.098
4.41
3.765
4.728
4.975
4.451
5.749
5.126
3.489
5.552
3.866
5.127
4.635
4.917
4.808
5.108
4.628
5.047
3.286
5.068
5.788
4.928
4.603
3.613
5.076
4.64
4.572
5.706
3.92
4.497
4.103
5.278
5.165
5.166
4.769
5.365
3.873
5.182
4.897
5.353
3.943
4.898
5.701
4.641
4.66
5.207
4.492
3.75
4.734
4.707
4.404
4.058
5.833
4.871
3.792
3.835
5.435
4.736
4.797
4.014
4.163
4.705
4.736
4.636
5.077
4.864
3.372
5.002
4.102
5.528
4.6
4.72
3.913
5.728
3.765
5.437
4.5
4.412
5.274
5.234
4.932
4.578
5.328
3.504
5.271
3.144
3.497
3.877
5.162
5.114
4.325
5.09
4.747
5.627
4.534
4.833
4.202
5.107
3.362
5.547
4.991
4.295
4.433
5.171
5.285
3.752
4.783
4.867
5.348
5.531
4.938
4.702
4.295
4.249
5.056
5.328
5.185
3.333
4.452
5.482
4.952
5.135
4.004
4.184
4.651
3.68
3.669
4.939
5.392
3.415
5.36
4.63
4.412
3.953
4.254
4.427
4.723
4.657
4.54
3.732
4.42
4.333
4.732
4.927
4.929
4.993
4.844
4.042
4.738
5.033
4.262
5.512
5.003
3.646
4.355
4.676
4.83
4.366
4.111
4.183
4.787
4.382
4.084
5.026
5.819
3.687
4.491
5.538
4.592
5.05
4.237
4.726
4.631
5.206
5.431
5.679
4.089
5.338
5.462
5.743
5.122
3.211
3.461
5.617
4.102
4.769
4.532
5.266
5.379
5.021
3.743
5.194
5.053
3.763
4.449
3.204
4.9
5.695
3.462
4.265
4.55
5.265
3.844
3.967
5.186
4.452
4.419
5.053
4.926
3.996
5.063
4.132
3.703
4
5.777
5.176
5.081
4.57
5.273
5.657
5.176
4.973
4.652
4.966
5.38
4.961
4.132
5.562
3.932
4.823
4.665
4.235
3.413
4.149
3.63
4.486
4.295
4.083
4.488
4.635
4.875
4.712
5.309
4.472
4.998
3.897
4.044
3.532
3.794
3.654
4.385
4.308
3.644
4.366
5.259
4.452
4.542
5.242
5.586
3.7
3.889
4.51
5.217
4.813
5.268
5.271
5.564
4.15
5.009
4.555
4.612
4.488
4.641
4.798
5.38
4.405
4.451
4.858
5.803
5.211
4.749
4.018
3.888
4.692
4.943
5.295
4.693
4.492
4.276
5.335
4.815
5.325
5.069
4.727
4.606
4.058
4.085
4.012
4.303
4.878
4.899
5.733
4.095
4.925
5.138
3.756
4.927
5.842
3.573
3.473
4.597
3.916
5.515
4.718
5.204
3.702
4.321
5.109
4.942
4.111
5.232
5.422
4.849
5.469
4.498
5.15
4.558
4.936
4.722
4.244
4.161
4.774
4.572
4.735
5.051
3.894
4.384
4.399
4.638
5.445
3.985
4.662
5.105
3.998
4.954
4.451
5.17
4.151
4.476
5.673
4.829
4.573
4.235
5.686
4.406
4.112
3.181
4.867
5.3
4.997
5.401
4.418
4.189
5.553
3.173
3.875
5.03
5.115
4.444
4.384
5.034
5.104
3.66
3.648
3.152
4.537
4.212
4.457
3.955
5.099
5.312
4.685
4.327
5.843
3.564
4.094
4.887
5.609
3.903
4.979
3.996
5.575
4.465
4.779
4.36
5.536
5.18
3.625
4.604
5.588
3.821
4.808
4.456
3.33
3.934
4.747
5.13
4.67
3.513
3.61
4.864
5.212
4.934
3.546
4.31
5.051
3.93
5.07
4.722
3.903
3.89
5.463
4.72
3.835
5.06
4.94
5.116
5.263
5.04
5.371
3.341
5.381
4.868
4.506
4.355
4.354
5.087
5.491
4.788
5.427
4.566
5.448
4.178
4.915
4.428
4.102
4.125
5.052
4.269
4.235
3.915
4.71
4.327
5.472
4.727
4.476
4.935
5.259
5.213
3.799
4.793
4.222
3.952
5.088
3.854
3.163
5.53
5.478
4.387
5.848
3.811
5.906
5.185
5.3
4.559
4.507
3.383
3.527
3.877
4.748
4.987
5.12
4.506
5.823
3.605
4.901
5.245
3.879
3.602
4.637
4.44
3.02
5.173
4.258
3.216
4.37
5.117
3.954
4.77
3.921
4.589
4.114
4.769
4.572
4.403
5.472
4.469
5.878
5.328
4.894
4.475
5.035
3.979
4.274
4.419
4.724
5.663
4.805
5.049
4.451
4.193
5.046
5.539
4.924
4.651
3.441
5.191
3.591
4.239
5.704
4.942
5.194
4.967
5.14
4.344
4.829
4.228
3.601
4.885
5.082
3.556
4.671
5.235
5.011
3.962
4.947
5.26
3.978
5.798
4.955
5.011
5.291
4.441
3.896
4.498
4.409
4.812
4.976
4.075
4.234
4.977
4.822
4.434
4.594
3.981
4.441
4.31
4.269
4.103
5.016
4.452
5.498
5.143
4.351
4.711
3.982
4.193
5.396
4.551
3.517
5.228
5.312
4.726
4.732
3.673
4.477
3.898
5.025
3.529
3.956
5.137
5.284
5.581
3.788
5.007
4.842
3.809
4.768
4.453
4.289
4.609
4.243
3.306
5.098
4.981
5.959
4.283
4.416
4.759
3.781
5.485
4.278
3.855
4.775
5.091
4.776
5.08
5.495
4.047
4.558
5.145
3.798
5.007
4.69
4.734
3.724
4.529
4.74
5.08
3.317
5.14
3.721
3.816
4.585
4.935
4.033
5.306
5.4
4.409
3.68
4.726
4.51
4.591
5.099
4.74
5.447
3.904
3.662
4.759
5.088
3.925
4.46
4.604
4.756
5.931
5.137
4.072
3.921
4.965
3.918
4.437
4.627
5.363
4.354
5.495
5.661
3.903
4.416
5.564
4.84
4.885
3.746
5.397
5.109
5.136
4.359
4.048
4.937
5.332
5.124
4.998
4.601
4.238
4.649
4.391
5.166
4.972
4.946
5.104
3.579
5.077
5.013
4.784
5.337
4.105
5.704
3.966
4.102
4.942
3.806
4.426
5.141
3.409
4.751
4.805
4.263
3.849
5.688
5.605
5.741
4.954
4.334
4.911
4.931
3.879
4.254
4.906
3.221
4.815
4.346
5.716
3.796
4.099
4.574
4.336
5.737
4.803
3.952
5.02
5.523
3.504
3.534
4.174
5.164
4.02
4.293
5.273
4.139
4.581
5.34
4.996
5.477
4.963
3.713
4.779
5.331
5.115
4.838
4.958
4.441
4.431
3.753
4.042
5.06
5.499
3.498
5.142
4.715
3.748
5.249
5.344
4.087
5.902
5.272
5.53
5.459
3.071
4.656
5.202
5.385
4.191
4.915
5.271
3.506
5.705
4.274
5.946
5.547
4.991
3.398
3.375
5.258
3.964
4.337
4.489
4.704
4.98
3.751
4.822
4.078
4.744
4.441
4.129
4.177
4.128
3.812
4.346
3.462
5.175
4.958
4.941
3.826
4.261
3.868
5.296
4.604
5.475
4.589
5.88
4.42
4.444
4.739
4.07
4.964
3.807
5.06
4.712
4.773
5.078
4.782
3.803
4.605
5.029
5.069
4.763
4.611
4.453
5.709
4.928
5.151
4.736
4.958
5.9
4.833
3.174
4.495
4.163
4.539
5.199
5.707
4.385
3.93
5.47
4.308
4.82
5.407
4.696
5.08
5.732
5.372
3.689
5.441
4.175
5.165
3.677
4.903
3.422
5.05
4.747
4.527
5.001
4.885
4.428
3.318
3.808
4.501
4.136
5.391
4.972
4.264
4.733
5.624
5.047
4.724
4.453
3.708
3.944
4.424
5.252
5.134
4.338
4.952
4.826
4.753
5.008
5.793
4.147
4.12
4.577
5.104
4.62
3.703
3.831
4.748
4.448
3.941
4.941
5.121
4.766
3.66
4.355
4.089
5.244
4.413
4.942
5.363
4.271
4.473
3.183
4.405
5.108
4.457
5.436
4.771
3.814
4.923
3.829
5.248
4.956
5.547
4.049
5.316
4.826
4.596
3.6
3.632
4.28
5.305
5.502
4.83
4.504
4.912
4.835
4.798
5.107
5.237
5.395
5.211
4.649
4.4
4.601
3.586
5.1
4.934
4.367
4.49
3.903
5.574
5.381
4.868
4.682
4.954
5.102
3.85
5.119
4.451
4.528
4.113
5.003
4.787
3.993
5.044
5.441
4.103
3.939
4.655
3.731
4.031
4.386
4.529
4.779
5.407
4.215
4.874
4.66
3.797
3.956
4.057
5.014
5.399
5.061
3.88
5.34
4.523
4.926
3.955
4.147
4.314
4.848
5.379
5.222
5.366
4.042
5.65
5.468
4.573
3.259
5.103
3.406
4.71
4.779
5.186
5.044
4.907
4.249
4.966
4.169
5.743
5.235
3.915
5.131
5.022
4.042
4.153
5.093
5.334
4.572
4.359
5.171
5.273
5.156
5.079
4.96
4.835
4.754
5.16
5.767
5.386
5.117
3.617
4.833
5.884
4.364
4.907
4.192
5.378
5.151
4.393
5.493
3.32
5.939
5.388
5.367
3.956
5.226
4.798
5.047
4.683
3.479
4.609
5.746
4.859
4.382
5.574
3.823
5.375
4.449
5.042
5.334
4.089
4.173
3.284
5.063
4.331
3.515
4.769
4.878
4.755
5.479
4.087
4.614
4.729
5.082
5.114
5.485
5.195
4.55
4.732
5.017
5.447
3.953
3.973
4.069
5.835
5.141
3.872
3.793
3.788
4.373
4.345
5.304
5.378
4.41
4.458
4.819
5.076
3.961
5.014
4.083
5.247
5.008
4.1
3.726
3.442
3.627
5.375
5.371
4.261
4.695
5.846
4.541
4.275
4.392
4.608
5.438
3.847
3.815
5.216
5.376
4.682
5.387
3.674
5.242
4.852
4.046
4.275
3.796
3.793
5.182
5.257
4.341
5.316
5.022
4.914
4.51
4.735
4.578
3.693
4.682
4.766
5.791
5.521
4.198
4.076
5.307
5.632
4.761
4.8
4.588
5.795
3.875
3.613
5.459
4.788
5.03
4.166
4.881
4.265
4.143
4.294
4.771
4.604
4.166
3.953
5.679
5.465
5.449
5.044
5.073
4.868
4.164
3.34
5.112
4.862
4.609
4.268
4.099
5.66
4.676
5.297
5.247
3.803
5.021
5.321
4.662
5.032
5.368
4.82
4.758
5.745
5.549
4.416
3.711
4.18
3.751
5.132
3.31
4.943
5.387
4.97
4.531
5.337
4.216
4.6
5.077
4.707
4.533
5.229
4.652
4.527
5.046
4.667
5.144
4.749
5.242
5.34
4.692
4.766
5.073
4.601
4.245
4.766
3.88
4.522
4.521
4.736
4.563
4.501
4.914
4.234
5.417
5.317
4.292
3.721
5.267
5.642
4.779
3.469
3.62
4.312
4.759
3.712
3.948
5.463
5.48
5.116
4.538
4.605
4.321
4.965
3.299
4.815
5.458
4.784
4.976
3.945
5.29
5.326
5.49
5.142
5.46
5.925
4.707
3.903
5.176
4.029
3.721
4.494
4.743
4.104
4.301
4.096
5.245
3.532
4.137
4.937
3.432
4.998
4.643
3.459
4.528
5.592
5.07
4.041
5.082
5.085
5.469
5.239
4.864
4.918
4.622
4.944
3.5
4.756
4.989
4.193
4.439
5.203
5.696
5.386
4.362
5.579
4.531
4.438
4.743
5.291
4.82
5.872
4.483
4.846
4.08
3.709
4.798
5.039
3.634
3.513
3.938
5.288
4.482
4.456
4.706
3.933
4.841
5.326
4.214
3.286
4.24
4.981
3.567
4.194
5.228
4.697
5.138
4.154
4.604
4.873
3.495
5.294
4.855
4.426
5.493
5.091
4.643
5.143
3.979
5.922
5.098
5.344
4.692
5.476
4.776
3.357
4.513
5.101
5.402
5.352
4.039
5.234
4.986
4.996
4.001
4.063
4.833
4.838
5.658
5.046
4.831
4.236
4.993
4.505
5.504
3.505
4.621
5.512
4.37
4.513
4.561
4.687
4.049
5.075
5.13
5.144
4.549
3.875
4.695
5.15
4.846
5.016
5.062
4.416
3.481
3.413
4.401
5
4.108
4.612
5.432
4.092
5.053
4.525
4.49
5.007
4.577
3.97
4.895
4.725
4.726
5.354
4.825
4.642
3.674
5.785
4.772
4.93
5.044
5.909
5.087
5.228
5.106
5.367
5.411
4.927
4.366
5.444
5.873
3.907
4.587
3.537
3.218
3.903
5.733
3.577
5.006
5.446
4.343
4.374
4.948
5.327
4.679
4.326
3.94
4.469
5.146
4.933
5.123
5.614
4.472
3.36
4.224
5.37
5.13
3.383
4.705
4.595
4.735
4.528
4.869
4.813
4.689
5.685
5.873
5.212
4.506
4.974
4.897
3.374
4.668
3.859
4.602
4.073
5.079
4.359
3.799
5.285
4.536
5.562
4.931
3.454
4.921
5.393
4.946
4.064
5.716
4.638
3.912
5.054
3.896
5.001
4.193
5.797
4.156
4.544
5.176
5.325
4.291
5.388
4.628
4.823
4.019
4.525
3.866
5.084
5.862
4.483
3.98
4.958
5.196
4.797
3.563
3.731
5.321
4.082
3.273
4.499
5.834
4.374
4.126
4.936
5.931
4.014
3.733
3.944
4.551
4.924
5.489
5.16
3.984
5.268
4.844
4.861
3.557
4.919
4.995
5.313
4.539
4.195
4.611
5.425
4.123
5.44
5.541
3.749
4.939
5.105
4.987
3.593
4.544
3.733
5.597
5.606
5.526
4.487
3.597
4.933
5.151
5.561
4.315
5.245
3.867
4.562
5.386
5.058
5.255
4.8
4.174
5.353
5.445
3.354
4.976
3.826
3.975
4.712
5.119
5.004
4.801
3.229
5.021
5.357
4.811
4.8
3.864
4.934
4.798
4.242
4.726
4.995
5.253
4.727
3.912
3.667
4.515
3.516
3.792
3.843
5.365
4.701
3.884
4.456
4.873
4.44
5.457
5.731
5.212
4.959
5.297
5.583
4.963
4.97
5.297
3.927
4.831
4.303
5.322
3.917
3.963
4.174
4.672
4.698
5.093
5.27
3.651
4.89
5.502
5.195
5.669
5.703
4.354
5.066
4.86
4.688
4.544
3.686
4.253
4.02
4.979
4.522
5.789
4.164
4.655
3.512
5.224
4.831
4.621
4.184
3.62
4.877
5.493
4.9
5.935
4.914
5.287
4.196
5.13
5.315
5.338
5.685
5.23
4.771
5.442
4.297
5.546
4.773
4.546
4.888
5.086
5.536
4.511
3.631
5.526
4.863
5.426
5.938
5.251
4.452
4.083
4.862
5.613
3.958
3.203
4.572
4.743
5.483
5.017
3.376
4.388
5.384
4.263
4.284
5.26
4.677
4.377
3.998
4.326
4.724
4.512
5.149
5.488
3.853
3.773
3.571
5.536
3.639
5.779
5.497
4.834
5.027
4.722
4.651
5.241
4.291
5.427
4.435
4.001
3.073
5.349
5.169
4.385
4.924
4.457
4.629
5.653
3.389
3.927
4.802
4.661
5.387
4.025
4.508
4.956
4.434
5.602
5.114
5.298
5.529
4.742
4.066
4.586
5.108
4.757
4.278
5.221
3.291
4.745
4.508
5.341
4.744
5.514
3.3
3.277
4.311
3.934
5.032
4.93
4.974
4.221
5.375
4.845
5.367
5.491
4.609
3.653
3.832
5.296
3.833
4.348
4.242
5.129
4.721
4.57
3.957
4.45
5.072
3.623
5.632
5.448
4.345
5.768
5.065
3.588
4.394
4.998
5.374
5.008
3.386
5.318
3.971
4.597
4.996
4.971
4.773
5.357
5.629
5.445
3.59
5.817
4.722
4.294
4.559
4.737
4.503
5.029
4.479
5.098
4.038
4.557
5.03
4.494
3.421
5.305
4.934
4.407
3.887
4.358
4.667
4.546
4.946
5.09
4.182
3.716
5.311
5.621
4.82
5.447
4.304
4.893
4.051
5.177
3.58
4.392
4.015
4.262
4.545
5.066
5.416
4.963
5.173
5.373
5.314
5.235
4.2
5.093
3.804
4.518
4.988
4.354
4.377
5.555
4.951
3.331
3.862
5.02
3.67
5.132
4.81
5.302
4.41
5.567
4.666
4.315
5.358
4.41
3.652
5.098
3.239
4.655
3.622
3.963
3.921
5.127
5.023
3.224
5.261
3.904
4.422
5.013
5.656
4.667
4.099
5.254
4.531
4.602
5.055
4.436
5.052
4.653
5.73
5.535
5.375
4.885
4.575
3.958
4.926
4.284
5.277
4.872
4.863
5.411
4.698
5.644
4.066
4.304
3.8
4.48
4.978
4.746
5.127
5.2
5.254
5.689
3.365
5.017
4.785
5.097
3.762
4.729
4.57
4.265
5.28
4.586
5.359
3.418
4.895
4.298
3.978
5.546
3.676
5.426
4.613
4.208
5.025
4.94
4.335
5.053
4.933
5.322
5.042
5.557
5.162
5.142
3.985
4.086
4.44
5.316
4.96
4.993
3.72
5.47
3.543
4.342
4.905
4.125
5.197
4.752
5.029
3.987
4.306
4.586
4.959
4.21
4.94
4.874
5.219
5.43
5.134
5.191
5.067
4.229
4.478
5.52
5.136
4.224
4.963
4.715
4.912
4.373
5.097
4.342
4.566
4.822
3.851
3.933
5.355
3.605
3.981
5.207
4.781
4.819
4.841
4.712
5.325
3.316
4.546
3.558
4.665
5.63
4.841
4.47
3.838
3.716
4.044
5.225
4.457
3.972
5.057
3.772
5.121
4.445
3.924
4.721
5.136
5.398
5.192
4.582
3.509
4.754
4.618
4.617
4.211
5.366
3.84
5.212
4.217
5.226
5.266
5.317
4.927
4.527
3.41
4.955
3.732
4.855
4.949
5.123
5.253
5.154
3.226
5.211
5.51
5.189
5.485
5.751
5.021
4.962
5.347
4.553
3.871
4.581
3.661
3.66
3.912
4.76
4.408
5.217
4.659
4.873
4.178
4.49
4.958
5.391
4.772
5.462
4.955
4.434
4.84
4.805
4.39
4.75
5.404
5.417
4.857
4.992
3.176
5.45
5.204
3.681
4.299
5.073
3.583
4.451
4.737
5.445
4.829
5.858
4.737
5.272
4.347
5.457
5.479
4.29
5.139
4.162
4.871
4.608
3.835
4.865
5.039
3.806
5.533
4.798
5.101
5.16
5.377
4.526
3.977
4.988
4.963
4.314
3.138
5.261
4.795
4.716
4.83
4.486
4.559
5.087
5.475
5.213
4.362
3.917
4.574
4.586
4.275
4.435
5.129
3.892
5.287
4.074
4.711
4.133
4.824
4.675
4.089
3.594
4.156
4.121
3.725
4.016
4.661
4.567
5.923
4.995
5.308
5.168
5.203
4.311
5.621
5.55
4.506
3.873
5.015
4.352
3.714
4.168
5.688
4.615
5.216
3.553
4.496
4.359
3.691
5.409
4.168
4.223
4.414
5.041
4.434
5.396
5.095
4.984
3.725
5.818
4.876
3.978
5.144
3.776
4.785
5.484
4.857
5.778
4.124
4.865
4.648
4.861
5.564
5.049
4.212
5.018
4.598
3.486
5.429
4.079
4.987
5.133
5.281
5.295
3.978
3.502
5.21
4.362
3.662
4.198
4.39
3.793
5.19
3.675
3.869
4.336
5.292
4.578
5.387
4.551
5.356
5.374
4.946
3.913
4.743
4.31
5.029
5.487
3.826
5.36
4.47
4.797
5.273
4.018
3.911
4.994
4.254
5.45
4.532
5.364
4.941
4.751
4.164
3.129
5.222
4.774
5.313
4.42
4.957
5.718
5.777
4.111
5.566
5.389
5.247
4.141
5.333
4.775
4.611
4.876
3.804
4.628
4.905
5.061
4.317
3.686
5.201
4.019
4.405
4.877
3.88
5.211
4.203
5.356
3.11
4.558
5.583
4.469
5.362
4.496
4.393
4.157
5.071
5.157
4.893
4.46
4.975
5.006
3.794
3.175
4.222
5.111
4.992
4.752
5.268
3.592
3.951
3.816
5.174
5.124
4.032
5.192
4.728
4.765
4.739
3.931
4.432
4.235
3.773
4.997
4.922
5.044
4.35
5.195
4.732
4.854
4.586
5.106
3.342
5.044
5.038
5.154
5.7
4.696
4.697
4.535
4.478
3.139
3.907
4.672
5.012
3.416
5.094
4.741
5.332
4.913
5.26
4.968
4.777
4.879
4.39
5.096
4.497
5.015
3.408
4.707
4.446
5.487
4.111
3.867
4.519
4.455
4.901
5.555
4.691
5.206
4.019
5.241
4.998
3.656
4.523
4.938
5.094
4.839
3.866
5.088
4.871
4.699
4.424
5.217
4.014
5.458
5.432
5.437
4.103
4.772
5.739
4.385
4.048
5.113
4.784
5.461
3.877
5.615
4.614
3.702
3.753
4.648
4.338
5.152
3.951
5.398
3.244
3.982
3.393
5.295
4.463
5.873
3.17
5.45
4.157
4.192
4.805
5.402
4.941
4.489
5.552
4.555
3.679
3.537
3.468
5.333
5.821
3.951
4.7
5.438
4.538
4.404
5.277
4.758
5.203
4.763
4.41
5.519
5.057
3.458
5.434
5.708
4.66
4.993
5.194
4.061
5.621
4.226
4.201
5.596
3.876
4.012
4.53
4.827
5.451
4.301
4.885
4.76
4.848
3.518
3.639
5.192
5.248
5.183
3.792
5.486
4.194
4.944
4.382
3.679
5.285
4.983
3.808
4.013
4.897
5.009
4.504
5.179
5.405
4.503
4.765
4.864
5.483
4.608
4.874
5.013
4.342
4.96
4.427
4.948
4.776
4.391
4.601
5.218
4.582
4.451
4.058
4.113
4.578
4.945
4.217
4.79
4.656
5.692
5.109
4.615
4.649
5.793
4.831
5.177
4.502
4.702
4.459
3.991
4.631
4.346
3.326
4.257
5.308
5.814
4.666
4.482
4.674
4.502
3.621
4.389
4.603
5.014
4.744
4.665
5.273
5.308
4.873
5.369
5.121
3.268
4.857
4.77
4.851
3.673
4.045
4.882
5.079
5.146
5.1
5.495
5.48
4.861
4.811
4.904
5.12
5.516
4.811
4.183
4.072
4.753
4.209
4.328
4.119
4.177
4.064
4.94
5.222
5.06
5.582
4.659
5.67
4.553
3.769
3.721
4.581
4.164
4.17
3.753
5.031
4.139
5.171
4.298
5.026
4.84
3.503
4.913
4.044
3.485
5.143
4.999
4.479
5.403
4.606
4.287
5.811
4.96
5.147
4.805
4.078
4.343
5.213
4.088
3.842
3.359
5.25
4.333
4.045
3.88
4.637
4.851
4.69
4.792
4.895
4.786
5.382
4.301
3.57
4.089
4.733
5.026
5.307
3.88
4.077
4.82
3.719
4.298
3.832
4.7
3.841
4.683
5.323
5.737
3.812
4.881
5.146
4.981
4.398
4.885
4.724
5.603
4.294
4.953
4.491
4.916
4.352
5.064
4.448
4.192
5.227
3.969
3.459
3.352
4.614
3.669
4.613
4.094
4.834
5.347
4.999
5.137
5.299
5.478
3.679
4.098
4.745
3.429
5.578
4.334
5.101
3.968
4.837
5.225
5.89
5.277
4.53
4.308
4.768
4.406
4.354
3.573
5.527
3.941
4.413
5.015
5.396
4.682
4.977
5.752
4.737
4.38
5.827
5.208
3.948
3.967
4.216
4.813
4.79
5.029
5.521
4.993
4.246
4.463
5.384
4.66
3.444
5.427
3.479
5.535
4.649
4.418
4.524
3.32
4.829
5.954
3.334
3.9
4.732
4.263
4.776
3.666
4.888
4.316
4.097
5.179
3.277
5.087
4.347
3.333
4.448
5.072
5.712
4.972
3.945
4.599
5.186
4.626
4.111
5.241
4.136
5.485
5.542
5.835
5.012
5.635
4.97
3.791
3.742
4.872
5.293
3.265
5.679
4.329
4.434
4.973
5.261
5.503
3.467
5.174
3.65
3.258
4.575
5.059
4.036
4.681
4.208
5.049
4.736
4.516
3.935
5.133
3.353
5.684
5.192
4.326
3.276
4.864
4.178
5.398
3.496
5.544
3.895
4.832
4.403
4.252
4.874
3.671
5.73
4.218
3.724
4.769
5.157
5.088
3.784
4.658
5.337
4.71
3.704
4.406
3.595
4.914
3.404
3.794
4.887
4.188
5.625
5.224
4.851
5.698
5.402
4.792
5.178
5.453
5.3
4.959
5.049
5.75
4.025
4.873
4.953
4.535
3.7
4.986
5.008
5.359
4.23
5.228
4.994
3.348
4.722
3.456
5.348
4.701
4.7
4.784
4.941
4.722
3.911
4.628
4.717
5.116
4.816
4.401
3.638
4.757
4.169
4.593
5.372
4.607
4.488
5.463
5.744
5.32
5.034
5.279
4.31
3.57
4.136
5.026
4.804
5.204
5.065
4.856
3.979
3.846
3.664
4.803
5.539
4.599
5.33
4.152
3.974
4.154
5.222
3.963
4.179
4.464
5.074
4.818
4.34
5.353
4.088
4.008
3.726
4.389
5.72
5.464
4.494
3.931
4.244
3.617
3.929
5.215
5.728
4.02
3.806
5.54
4.997
3.928
5.205
4.939
4.903
4.385
5.2
5.449
4.261
4.609
4.839
4.034
5.609
3.705
4.282
4.503
5.267
4.13
5.098
4.598
4.976
4.268
4.627
3.573
4.353
4.037
5.209
4.505
3.998
3.254
4.858
4.227
3.964
4.082
3.799
5.053
5.648
5.161
4.552
4.895
4.744
4.722
3.786
4.608
5.839
4.016
4.848
5.19
4.242
5.348
4.991
5.004
5.08
5.117
5.464
4.961
4.762
5.393
4.983
5.432
4.225
4.215
4.639
4.331
4.99
3.5
5.162
5.236
4.934
4.117
4.385
4.813
5.024
5.238
3.436
4.765
3.577
3.175
3.46
3.123
5.026
4.353
4.956
5.69
4.622
4.411
4.46
4.067
4.929
4.544
5.103
4.073
5.13
4.235
5.019
5.111
3.96
3.583
3.391
4.676
5.267
3.386
4.422
5.664
5.698
5.139
4.938
3.618
4.507
5.099
5.1
3.956
3.565
4.572
4.665
4.812
5.577
5.511
5.007
3.167
4.597
5.195
4.594
5.295
4.293
5.811
4.38
4.575
5.64
4.998
4.412
4.066
5.427
5.296
4.628
5.042
4.728
4.936
4.702
4.619
3.727
5.014
4.282
5.605
5.591
4.433
5.079
4.6
4.131
5.069
4.483
4.221
4.926
5.459
3.657
4.719
4.799
3.939
4.161
3.942
5.768
4.892
5.657
4.823
4.419
4.836
3.55
4.129
4.272
5.263
4.045
4.023
4.89
4.922
3.523
5.129
4.973
4.775
4.849
4.217
5.709
4.901
4.5
4.842
4.76
4.601
3.778
5.01
3.706
5.159
4.432
4.698
5.106
5.438
3.973
4.905
4.468
5.434
5.546
4.626
3.793
5.401
5.634
4.804
4.06
4.313
4.786
4.779
5.632
4.329
4.732
3.454
5.005
5.157
4.904
5.359
5.732
4.819
5.199
4.909
4.919
3.768
5.149
4.233
4.94
5.398
3.326
4.333
4.895
4.242
5.211
3.258
4.398
4.311
4.03
5.366
4.744
5.344
5.581
5.14
4.877
5.293
5.375
4.48
4.738
4.647
5.649
4.642
5.814
5.561
5.777
3.476
3.63
4.841
5.042
5.426
4.943
4.224
5.348
3.393
5.281
4.926
4.884
4.643
3.307
4.748
5.035
3.788
3.331
4.774
5.09
5.52
4.117
3.885
3.72
4.723
4.496
4.006
4.575
5.569
4.777
5.513
5.405
5.234
5.495
4.88
5.469
3.801
4.782
4.447
3.283
4.738
5.097
5.047
4.848
5.383
5.048
5.266
5.704
5.376
4.602
4.561
5.896
4.883
4.53
5.042
4.548
4.122
5.253
5.482
3.503
4.171
4.984
5.571
5.007
5.721
5.735
4.884
3.759
4.4
4.102
5.03
5.461
3.399
4.317
4.936
3.953
5.601
4.976
4.863
3.33
5.221
5.062
3.699
4.578
5.371
4.308
3.534
4.463
3.945
5.416
5.018
4.043
4.981
4.948
4.744
4.115
4.658
4.009
5.37
5.126
5.38
5.063
4.951
4.557
4.377
4.269
5.164
4.944
5.308
5.511
3.889
3.848
4.019
5.265
3.407
5.481
5.574
4.47
4.822
3.675
4.207
5.635
3.372
4.735
5.025
5.128
3.255
5.617
4.868
3.642
3.451
3.447
4.891
5.361
4.703
5.005
5.439
4.033
4.882
4.893
5.082
4.92
5.085
4.019
5.843
3.809
4.013
4.681
4.576
4.888
4.432
3.69
4.858
4.125
4.872
4.406
5.542
3.227
4.247
3.575
5.198
3.696
5.229
5.085
3.161
3.856
5.448
4.958
4.866
4.876
5.472
3.285
4.941
4.842
5.181
4.588
4.849
5.451
4.467
4.569
5.053
4.416
4.133
3.472
4.442
4.41
4.483
4.928
3.527
3.542
3.921
5.209
4.344
3.643
5.683
4.996
4.368
5.515
4.227
3.633
4.786
4.589
5.602
4.784
3.285
5.017
5.95
5.142
5.282
4.488
4.194
5.18
3.504
5.654
5.025
4.252
5.251
4.419
4.985
5.191
4.861
3.704
5.036
5.505
4.317
3.97
3.291
4.189
4.21
4.863
5.174
4.93
5.377
3.855
5.336
4.695
4.51
4.945
5.007
5.547
4.631
3.206
4.706
4.207
5.027
3.387
5.004
5.11
4.606
4.726
5.031
3.904
4.692
4.347
4.509
4.353
4.99
5.484
3.377
4.555
4.335
4.506
5.684
4.23
4.172
4.828
4.782
4.586
4.237
4.202
5.449
4.426
4.989
4.393
5.054
5.11
5.345
5.443
4.021
5.361
3.979
3.641
5.076
5.597
4.339
3.316
5.062
5.015
4.653
4.642
3.486
4.289
4.923
3.829
4.398
3.829
5.028
3.223
5.343
5.002
4.694
5.758
3.906
5.02
3.998
4.788
4.931
4.735
5.071
5.274
4.927
5.096
4.224
5.136
4.025
4.87
3.873
4.718
5.076
5.448
5.051
5.011
4.944
4.947
5.261
5.614
4.155
3.735
4.275
4.991
5.057
3.918
5.694
5.237
5.364
4.64
4.43
5.204
3.904
4.955
4.309
5.134
5.524
4.84
5.107
4.654
3.574
4.722
5.402
4.033
4.297
3.924
4.827
5.126
3.475
5.389
4.988
4.512
4.268
4.482
5.067
4.287
4.066
5.087
4.991
4.817
4.866
5.371
3.916
4.703
4.567
4.979
5.53
5.154
4.428
5.042
4.043
4.548
5.055
5.51
5.199
4.066
5.879
5.217
4.75
5.036
4.668
4.61
5.392
5.082
4.372
3.628
4.592
3.916
3.714
5.037
4.818
5.47
5.445
4.264
4.411
4.763
4.967
5.675
4.213
3.137
5.331
4.551
5.073
5.774
3.984
3.553
4.739
4.206
3.992
5.566
4.813
5.17
4.377
5.516
5.372
5.413
4.984
5.296
4.959
4.401
4.284
4.139
4.295
4.232
5.069
3.702
4.341
3.817
4.183
5.67
5.129
4.93
4.761
5.248
4.284
5.687
5.318
4.311
5.426
4.197
4.731
3.444
4.984
4.952
5.111
4.401
4.769
3.682
4.314
3.558
4.628
4.923
4.683
3.262
4.353
4.968
4.782
4.238
4.381
3.824
3.665
4.879
5.684
5.073
4.208
5.17
5.054
4.428
3.633
4.919
4.636
5.736
5.203
3.684
4.225
5.502
4.169
4.918
4.477
4.702
4.106
4.21
5.927
4.943
5.602
5.557
5.557
4.109
5.319
3.148
4.895
3.697
5.639
3.746
4.603
5.301
4.429
5.203
4.476
5.221
5.041
4.566
4.466
4.959
4.815
3.454
4.983
4.842
3.926
5.582
4.283
5.581
3.778
4.641
5.413
3.885
3.424
4.367
5.174
5.813
3.668
5.309
5.651
4.821
4.338
4.689
5.308
4.694
5.046
4.038
5.372
5.073
3.556
5.246
4.786
5.266
4.63
3.713
4.11
3.774
5.067
4.992
4.304
4.964
5.648
5.187
5.248
3.93
4.586
4.418
5.32
3.848
5.206
5.066
4.956
3.546
5.008
4.345
4.743
5.124
4.202
4.76
5.134
3.911
5.007
3.515
4.408
4.91
5.331
5.32
3.376
4.722
4.647
4.867
4.726
4.262
4.788
4.782
5.464
4.546
5.294
5.696
5.167
4.731
4.735
4.598
4.586
5.411
4.268
5.043
4.825
4.088
3.908
5.197
5.2
4.244
4.995
5.89
3.907
4.53
4.947
4.328
4.439
5.077
5.647
3.778
4.787
4.959
5.3
3.203
5.646
4.213
5.597
4.91
4.318
4.655
4.584
5.277
3.393
5.017
3.974
4.376
4.755
4.127
3.879
4.875
5.295
4.524
4.675
4.576
4.966
3.997
4.865
5.235
4.265
4.146
5.332
5.469
4.308
3.602
3.636
4.797
3.692
4.471
4.475
4.143
3.511
3.55
4.47
4.457
4.134
5.089
4.226
5.455
5.555
5.462
4.145
4.811
5.217
4.006
5.367
5.005
5.448
4.679
3.807
5.051
4.285
3.757
4.581
3.411
4.528
4.079
3.681
5.069
4.622
4.884
4.793
3.964
4.303
5.716
4.942
4.414
4.285
3.924
4.396
4.914
4.17
5.298
5.081
4.998
5.311
4.225
3.724
5.435
3.402
3.711
5.743
3.937
4.394
4.986
5.699
5.269
5.05
5.406
5.001
5.005
4.925
3.56
4.252
5.086
5.541
5.068
4.969
5.467
3.995
5.621
4.704
4.871
5.095
4.029
5.76
4.284
5.767
4.481
4.653
5.262
4.652
4.641
5.16
4.125
5.271
4.127
4.949
5.829
5.789
4.95
4.224
5.113
3.045
4.725
4.216
3.527
4.98
3.84
5.515
4.15
4.241
4.459
4.046
4.658
4.314
3.556
4.04
4.905
4.887
5.32
4.594
5.464
4.672
3.649
4.274
3.315
4.646
5.429
5.426
5.304
4.283
4.026
4.501
3.984
4.988
3.71
4.814
4.029
5.648
5.167
4.777
5.575
5.469
5.139
3.716
5.806
5.085
4.93
4.565
4.275
4.081
4.6
4.165
4.944
3.855
4.462
4.604
5.861
5.414
3.813
4.564
3.904
4.893
3.936
4.786
5.08
3.401
4.353
4.416
4.602
4.401
5.425
5.284
4.683
4.962
4.703
4.533
3.902
4.227
4.508
4.234
5.529
3.905
3.964
5.23
4.753
5.056
5.211
5.002
3.973
5.142
5.467
4.735
3.913
4.344
4.826
4.4
4.942
3.908
5.213
4.295
4.265
4.526
5.096
4.424
5.441
4.292
4.738
5.593
4.679
5.631
4.599
5.288
5.133
3.884
4.349
5.228
4.033
3.513
3.639
4.309
5.745
4.667
5.428
4.421
4.126
4.647
5.602
5.334
4.547
4.655
4.889
5.872
5.302
4.578
5.044
4.171
3.852
5.718
4.461
4.476
4.744
5.293
4.854
4.763
5.251
4.145
3.563
5.158
4.563
4.861
3.842
5.12
5.044
4.849
4.211
5.411
3.598
4.38
5.806
4.66
4.356
4.721
4.636
4.926
5.275
4.239
5.105
3.698
4.916
4.377
4.693
4.632
4.837
4.002
4.923
5.654
4.155
4.578
5.07
5.579
4.331
4.917
5.034
4.833
4.328
4.82
4.304
5.259
5.497
3.556
5.331
3.673
5.086
5.291
5.04
4.569
3.409
5.11
3.722
3.311
4.343
3.961
4.434
5.256
5.389
5.216
4.238
5.853
3.878
4.48
3.945
4.305
4.441
4.599
5.332
5.112
3.676
4.302
5.065
4.255
5.269
4.964
4.7
4.685
5.37
4.757
3.909
3.618
4.349
4.908
4.214
5.265
3.739
3.777
4.145
5.944
4.475
4.423
5.059
3.349
5.845
5.065
5.091
4.476
5.654
4.781
4.906
4.953
5.14
5.498
4.455
4.161
5.286
4.608
4.469
4.842
4.294
5.462
3.632
4.65
4.407
5.095
5.625
4.733
4.665
5.622
4.716
4.619
4.698
5.136
4.811
5.226
3.482
5.347
4.799
4.374
4.392
3.782
4.705
5.056
3.787
3.93
5.707
3.66
4.322
5.451
4.54
5.669
4.281
5.496
5.134
4.388
4.219
4.852
4.165
5.179
5.212
3.408
5.302
4.299
5.041
4.636
5.423
4.588
5.13
3.877
4.787
5.095
5.285
4.754
4.304
5.409
5.332
5.084
4.922
4.533
5.432
4.839
5.111
4.722
5.273
5.084
5.282
4.047
4.214
5.111
4.567
4.617
4.034
4.675
5.102
3.932
3.978
5.202
4.07
4.537
4.725
4.958
5.022
4.264
4.241
4.669
4.607
4.98
3.273
4.985
4.147
5.152
3.665
3.866
4.751
4.319
4.885
5.138
5.415
5.169
5.585
3.916
4.746
3.884
5.104
5.569
4.816
5.592
4.325
3.741
5.55
5.288
5.177
4.921
5.641
3.893
3.439
4.906
4.561
5.681
5.739
4.885
5.107
4.92
4.422
5.687
4.822
5.418
4.427
5.395
5.332
5.22
5.399
3.862
4.802
4.88
3.423
4.939
4.885
3.61
4.022
3.767
5.193
4.762
3.91
4.001
5.25
5.369
4.311
4.871
4.701
5.372
4.374
4.139
4.528
4.753
4.295
4.691
4.563
4.867
5.07
5.221
5.347
4.137
5.445
4.814
5.58
3.749
3.834
4.55
5.554
5.268
3.905
4.593
5.337
5.075
5.687
3.858
5.273
5.239
5.818
5.264
5.528
4.92
4.917
4.009
3.694
4.879
4.098
4.986
3.529
4.679
4.215
5.204
5.12
5.584
4.887
4.081
3.903
4.709
4.091
4.793
4.767
3.5
5.076
4.748
4.157
4.94
4.665
4.743
4.479
5.008
4.589
3.886
5.051
4.014
3.228
4.591
5.472
4.081
5.112
5.268
4.695
5.132
4.974
3.856
3.706
4.95
5.653
5.023
4.911
4.702
5.768
4.693
4.764
4.84
5.023
4.345
4.969
4.366
5.175
4.49
4.757
4.792
4.213
3.822
4.938
5.539
4.048
4.935
3.985
5.084
5.434
4.795
4.173
5.658
4.862
4.255
3.873
4.766
4.394
4.711
4.978
4.56
5.074
4.857
5.22
4.15
4.262
4.396
4.941
3.239
5.287
4.359
5.021
4.802
3.609
4.82
4.096
4.29
3.705
4.045
3.938
4.452
4.474
4.11
4.866
4.798
5.21
4.319
5.64
3.693
5.138
3.758
4.432
4.388
4.447
4.718
4.878
4.106
4.279
4.199
5.352
5.133
4.375
4.749
5.193
4.494
5.206
4.118
3.849
4.475
4.74
4.753
5.351
3.529
5.054
5.231
3.803
5.356
4.569
4.845
5.405
5.497
5.103
5.351
5.232
4.279
4.947
3.457
3.916
3.448
4.501
4.559
4.653
3.722
4.765
4.708
4.464
5.544
4.642
3.67
3.816
5.291
4.415
5.287
3.717
4.232
5.565
4.21
4.346
4.909
5.068
5.322
4.385
5.384
5.561
3.856
4.404
5.528
4.874
4.389
3.7
3.289
3.685
4.7
4.419
4.841
3.68
4.888
5.191
3.816
4.125
3.838
5.017
4.901
4.834
4.187
5.014
5.158
3.749
4.588
4.936
5.909
5.228
4.991
4.656
5.665
3.3
4.157
4.431
3.511
3.816
3.175
4.317
5.173
5.063
5.594
5.036
3.899
3.62
5.114
5.381
4.883
4.321
5.35
4.901
4.537
5.182
4.799
4.283
4.112
5.007
4.035
4.617
4.975
5.477
5.178
4.674
4.927
5.244
4.59
5.773
4.959
4.198
5.111
5.813
4.204
4.901
5.312
4.75
5.163
3.728
3.866
5.138
4.309
5.235
4.614
4.077
4.059
4.08
5.481
4.031
3.831
5.264
4.941
5.159
4.892
4.256
4.907
5.282
5.488
5.171
5.86
5.399
3.845
4.47
5.126
4.586
3.836
5.024
4.574
4.932
5.571
4.852
4.561
3.378
4.553
5.028
4.908
3.227
4.382
5.356
5.111
4.187
4.412
5.405
5.205
4.928
3.187
4.857
4.843
4.132
3.564
5.559
4.991
4.442
4.772
5.428
3.435
4.901
5.421
4.825
5.575
4.502
4.742
4.313
4.076
4.948
5.589
3.822
5.114
4.211
5.367
4.884
4.709
4.777
3.448
4.596
3.996
4.44
4.925
3.701
4.935
4.501
5.422
3.384
4.854
4.082
5.205
4.816
4.701
5.006
5.294
5.213
3.18
3.637
4.788
5.088
5.425
3.923
4.338
3.603
5.048
3.407
4.08
3.651
3.922
5.597
4.789
3.796
5.614
4.121
3.741
5.355
4.94
4.547
4.747
5.863
4.54
4.659
4.346
3.973
5.093
4.697
5.075
5.781
4.562
4.786
5.405
4.212
4.029
4.498
3.573
5.22
5.081
4.455
5.161
4.145
4.339
5.918
5.188
4.928
3.852
4.877
3.774
4.726
5.676
4.431
4.966
5.69
4.91
4.056
3.689
4.675
4.437
3.277
4.506
5.534
3.853
5.454
3.692
4.041
5.601
5.036
3.779
4.464
5.23
3.843
4.347
3.72
5.076
5.063
4.846
4.229
4.619
3.558
3.633
3.83
4.615
3.37
3.347
4.77
4.829
5.16
4.415
3.924
5.219
3.954
5.008
4.572
4.796
4.685
5.207
3.607
4.686
4.665
4.359
5.069
4.073
4.498
4.247
4.816
5.752
4.415
4.262
4.522
3.72
4.986
5.001
3.929
5.459
4.714
4.273
5.301
4.257
4.505
3.943
4.703
4.29
5.384
4.937
4.752
5.379
4.482
5.472
3.272
3.685
4.538
4.88
4.863
5.719
5.057
5.445
4.868
3.827
5.126
5.511
5.189
3.968
3.248
5.485
3.421
5.072
4.988
5.627
4.114
4.063
3.943
4.805
3.907
5.424
4.279
5.544
4.419
4.75
4.592
3.863
3.964
5.569
5.808
4.89
4.139
4.789
5.637
4.136
3.338
5.425
3.717
4.604
4.785
4.945
4.566
4.35
4.502
3.865
5.749
3.94
4.886
4.666
4.14
4.406
4.475
5.104
4.685
5.271
4.058
5.717
5.293
3.902
5.107
4.604
4.94
3.989
4.37
3.485
4.596
5.099
5.239
4.084
4.827
5.89
5.138
5.512
5.118
4.698
3.769
5.468
4.308
5.017
4.439
5.39
3.846
5.468
4.559
4.215
4.996
4.214
5.306
4.493
3.423
5.196
5.482
5.412
5.274
4.067
4.052
4.208
4.301
5.672
5.375
5.81
4.821
3.501
4.721
3.933
5.18
5.57
4.974
4.36
3.809
4.544
3.773
5.288
3.155
3.768
3.839
4.624
4.46
4.204
4.712
4.187
4.938
4.282
4.71
3.806
3.13
5.26
5.284
4.954
4.425
5.69
5.721
4.58
5.201
5.051
5.307
3.956
4.836
5.575
4.947
4.275
4.036
5.063
3.538
5.816
4.329
4.926
4.456
5.023
4.583
4.91
4.136
3.856
4.891
4.959
5.494
4.217
5.445
3.946
5.061
3.696
5.296
4.984
4.208
5.181
5.021
4.598
4.131
5.328
4.443
4.734
5.248
5.475
4.428
4.091
3.486
4.017
5.75
5.867
4.458
5.091
3.741
4.963
5.231
4.474
5.251
5.149
4.348
5.723
4.743
4.822
3.74
4.452
5.563
4.434
4.774
5.765
4.469
5.4
4.936
5.59
4.213
4.822
4.39
4.529
5.05
3.944
5.397
4.101
3.857
3.793
4.799
5.268
4.677
5.386
4.727
4.374
4.811
4.499
4.852
4.795
5.92
5.223
3.965
3.752
4.882
4.824
5.131
4.967
4.017
3.535
4.737
4.771
4.726
4.313
3.333
4.89
4.176
4.455
4.471
4.192
4.455
4.664
4.132
4.864
5.103
4.717
4.665
4.657
5.634
4.806
4.387
3.082
5.02
5.4
5.005
4.298
4.06
3.965
5.231
4.193
3.908
5.027
4.047
3.452
3.605
5.509
3.83
5.099
4.199
4.698
5.434
3.386
5.111
4.113
4.014
5.465
5.417
5.46
5.305
4.641
4.926
4.989
4.344
4.943
4.746
5.359
4.597
4.773
4.897
5.406
3.907
4.735
3.948
5.644
4.441
4.025
4.529
5.266
4.996
4.933
3.148
5.214
3.5
4.371
4.715
4.237
4.378
4.991
4.101
4.537
4.956
5.422
5.465
5.426
5.516
5.605
4.262
4.657
4.75
4.557
4.897
5.074
4.823
4.54
5.315
4.544
5.115
5.132
4.001
4.176
4.44
5.38
4.254
3.861
3.787
5.099
4.714
5.067
4.914
4.346
5.182
5.686
5.035
3.149
4.812
4.868
4.04
5.103
4.689
4.465
4.164
5.192
3.999
5.173
5.806
4.675
4.413
4.904
5.03
5.285
3.86
5.084
3.984
4.834
4.71
4.388
3.397
3.976
5.649
5.095
5.561
5.424
5.246
4.192
5.047
3.665
5.191
4.173
5.38
3.54
4.275
5.339
4.71
3.94
4.925
3.782
5.528
5.473
4.521
3.707
3.526
5.561
4.686
5.448
4.897
3.245
3.364
4.802
4.454
5.143
4.349
5.187
5.077
4.404
5.174
3.875
4.859
4.461
5.08
5.002
3.859
4.965
4.808
3.44
3.447
4.646
4.919
4.33
4.52
3.84
4.935
4.684
5.547
5.794
4.719
5.558
5.19
4.213
4.935
3.772
4.286
5.694
4.571
5.134
5.121
3.381
4.264
4.168
4.394
4.83
4.657
3.381
4.92
4.666
4.846
3.841
4.335
4.753
4.463
4.075
5.036
4.137
4.208
5.093
5.705
3.651
5.363
4.325
4.562
5.23
5.05
4.566
4.487
5.222
5.448
4.723
5.461
4.403
5.793
5.524
5.576
3.862
4.685
5.009
4.949
4.602
4.816
5.656
4.072
4.657
4.725
4.111
4.908
3.57
5.074
4.753
4.111
5.586
4.39
4.271
3.674
4.285
4.156
5.084
5.071
3.32
5.213
4.817
4.975
5.089
4.763
5.672
5.256
5.494
5.002
5.203
4.468
4.918
3.882
3.956
4.55
3.844
3.587
4
5.245
3.949
4.789
4.285
4.64
4.909
5.724
4.75
3.811
5.27
4.682
5.049
4.94
4.822
4.67
4.115
4.25
5.116
4.178
4.317
4.01
4.997
5.321
4.489
5.219
5.518
4.587
5.219
5.161
3.955
3.866
5.19
4.87
5.308
3.925
5.589
4.499
4.541
3.461
4.136
4.298
4.898
4.794
4.447
4.722
5.372
5.778
4.635
4.095
4.138
5.037
4.876
4.862
4.791
4.714
4.8
4.025
5.521
5.143
5.219
5.667
5.265
4.422
4.158
4.146
5.396
4.163
5.105
3.101
4.695
4.525
5.158
4.934
4.909
5.871
5.429
5.76
4.274
5.764
4.366
5.58
4.991
4.068
4.575
5.605
3.812
5.404
4.274
4.318
4.968
3.423
4.06
5.716
3.424
5.211
4.617
5.089
4.549
4.387
4.908
3.573
5.335
5.444
4.767
4.042
4.573
4.879
5.367
5.005
4.373
5.64
5.508
5.516
4.878
4.034
4.421
4.934
4.696
5.28
5.103
4.165
4.108
3.021
4.786
4.381
5.144
4.871
4.897
4.666
5.522
3.144
3.193
4.574
5.095
5.371
5.078
5.438
5.102
4.226
5.337
5.24
4.332
4.85
4.328
4.491
4.13
4.525
5.002
3.989
5.313
5.739
4.958
4.675
4.696
5.281
5.396
3.669
4.37
4.879
5.592
4.734
4.958
4.192
3.985
3.858
4.252
5.521
3.624
4.088
5.611
4.499
3.332
4.223
3.51
3.899
4.76
4.095
5.356
4.743
4.342
4.934
5.14
3.898
4.725
4.228
5.497
4.068
4.861
5.911
4.928
3.775
4.846
3.566
4.432
4.044
5.501
5.038
5.014
4.71
5.257
4.546
5.183
5.211
5.088
4.772
5.166
4.644
4.966
5.445
5.253
4.165
5.263
5.368
5.062
4.135
4.802
5.427
5.755
4.421
5.64
5.909
3.927
4.245
3.782
4.717
3.999
4.515
4.887
3.791
4.451
5.618
5.699
5.518
4.696
4.346
3.763
3.176
5.521
3.693
5.737
5.133
5.015
4.663
5.175
5.853
4.967
4.44
3.484
5.152
4.757
5.043
4.876
4.215
4.452
4.069
5.113
5.254
4.591
4.123
4.16
5.733
4.947
4.616
4.4
5.417
5.638
3.961
4.75
4.321
5.15
3.954
3.266
3.46
4.492
5.28
4.175
4.008
5.447
5.535
4.004
5.342
5.376
3.243
4.874
4.749
4.857
5.271
5.331
4.963
4.009
3.832
4.917
3.979
3.871
5.975
5.329
5.175
5.067
4.317
4.279
4.371
5.368
4.12
4.901
5.112
4.389
4.625
4.048
4.267
5.622
5.258
4.725
4.063
4.95
5.447
4.114
5.915
4.912
5.439
4.866
5.295
4.164
4.02
5.317
4.447
4.531
4.817
4.159
3.895
3.628
3.632
4.996
4.795
5.22
5.062
4.531
4.934
5.122
4.594
3.783
5.501
4.721
5.248
3.269
5.207
3.88
4.7
5.735
4.987
5.17
5.033
4.059
4.261
3.431
5.344
5.102
4.098
4.475
5.228
5.604
4.388
5.363
5.083
4.381
4.09
4.798
4.261
5.119
5.209
5.044
5.783
4.364
5.343
4.306
5.127
5.029
3.971
4.972
5.417
5.482
4.511
4.468
4.624
5.006
4.816
5.643
3.756
4.182
4.18
5.4
5.089
4.998
4.431
4.642
4.247
5.566
5.402
4.269
4.491
3.907
5.229
4.642
4.609
3.738
5.059
5.601
4.954
3.23
4.886
3.854
4.486
4.4
3.355
4.752
3.924
4.253
5.401
3.474
3.625
4.412
3.435
4.97
4.729
5.032
4.426
5.23
4.549
4.786
4.828
4.723
4.797
4.544
5.024
4.919
5.034
5.308
4.637
5.95
3.763
4.627
5.392
4.513
5.46
5.042
3.657
4.14
4.988
5.411
4.119
4.274
5.358
4.169
5.251
5.354
4.874
4.995
5.305
3.96
4.796
5.087
4.263
5.069
4.795
4.904
5.357
5.939
3.548
5.142
4.835
5.937
4.577
5.002
4.22
4.082
4.148
5.437
3.36
4.537
5.306
4.827
5.549
4.774
4.514
5.369
5.81
5.1
3.706
4.961
4.644
3.463
5.228
5.163
3.609
4.925
4.9
5.124
5.113
5.385
4.619
4.127
4.397
4.54
5.114
5.32
3.857
5.051
4.917
5.131
4.381
4.919
4.843
5.095
3.918
4.967
5.23
3.343
4.971
5.482
5.68
3.932
5
3.817
4.43
3.512
5.509
4.812
5.09
4.599
4.249
3.629
4.058
5.289
4.224
3.758
5.043
4.641
4.867
4.514
5.115
4.64
5.132
5.06
4.271
4.823
5.166
3.862
3.341
4.708
3.128
4.706
4.477
4.893
4.654
5.279
4.525
4.829
5.47
5.478
4.811
4.2
4.479
5.144
5.749
4.67
5.312
4.625
3.749
4.197
4.501
5.176
3.713
5.363
4.501
5.193
4.135
4.973
5.104
4.603
4.214
5.536
4.458
3.815
4.901
4.83
4.675
3.656
4.759
3.871
3.843
4.764
5.374
4.358
4.342
4.252
3.748
4.563
4.876
4.805
4.82
3.726
3.886
5.867
4.839
4.256
4.003
4.862
4.415
4.805
4.376
4.481
4.445
3.948
5.486
5.251
5.655
4.614
4.486
5.057
5.129
5.099
4.237
4.701
4.881
3.677
4.88
4.908
4.599
4.795
3.764
3.284
3.683
4.591
4.939
3.844
3.909
4.691
3.79
3.937
5.134
5.375
3.967
5.352
4.632
4.392
4.171
4.435
5.247
4.484
4.787
4.618
5.282
4.546
4.563
5.259
5.105
3.87
4.141
3.681
4.096
4.244
4.642
5.084
3.868
3.864
3.342
4.92
4.174
4.148
4.982
4.924
4.389
3.506
4.578
5.079
4.379
5.022
5.058
3.819
3.66
4.983
5.044
5.057
4.946
4.802
4.165
5.116
5.072
5.25
3.587
5.516
3.621
3.1
5.138
4.832
4.072
5.868
4.336
5.788
5.661
4.94
5.061
4.778
3.75
3.994
4.256
4.179
4.333
5.746
5.238
5.042
4.673
4.684
5.288
5.721
4.444
4.772
5.116
3.521
4.604
4.381
4.722
4.457
5.159
4.481
5.286
5.449
4.611
4.7
4.916
5.214
5.299
5.526
5.629
4.44
4.803
3.778
4.62
5.457
4.69
5.31
5.556
4.861
3.82
5.146
5.224
4.729
4.245
4.34
4.217
4.609
5.18
4.895
4.754
4.42
4.24
3.941
5.624
4.043
4.129
5
5.17
4.236
5.307
5.889
4.557
5.532
3.401
5.573
5.093
5.924
4.613
4.669
4.729
4.441
4.848
4.413
5.273
4.775
5.471
4.46
3.694
3.934
5.391
4.715
5.453
4.06
4.746
3.648
4.195
4.6
4.065
5.08
3.89
4.259
4.627
4.424
4.717
4.939
5.673
4.741
4.314
4.509
4.528
5.592
4.552
4.481
4.82
5.1
3.624
5.019
4.052
4.365
5.149
3.626
5.345
4.573
5.435
3.97
4.224
5.105
4.956
5.498
4.284
4.334
4.844
4.357
4.693
5.51
3.868
5.48
4.574
5.468
4.027
3.974
5.28
4.689
4.783
5.13
4.766
5.322
3.466
3.837
4.744
4.487
4.006
5.208
3.848
4.7
3.758
4.886
4.475
5.469
4.92
3.282
4.84
4.415
5.163
4.888
4.93
3.098
5.034
3.953
3.891
4.102
5.071
4.652
4.753
4.39
5.396
4.935
4.934
5.566
4.498
5.519
4.048
5.084
5.673
4.318
4.175
5.205
5.106
3.942
4.519
5.275
5.093
5.007
3.866
5.807
5.887
5.63
4.023
3.222
5.146
4.28
3.553
4.058
5.183
3.53
4.823
5.665
5.114
5.438
5.886
4.746
4.409
4.656
3.789
4.715
5.462
4.355
3.94
5.278
3.798
5.526
5.514
5.135
4.179
4.319
5.667
4.845
5.057
4.835
4.671
5.111
5.192
4.759
4.086
4.321
3.676
4.516
4.981
5.095
4.049
4.107
3.574
4.002
4.415
3.705
4.757
4.793
5.179
4.686
4.67
5.518
5.386
5.866
3.581
5.471
4.159
5.211
3.414
4.029
5.021
5.778
4.736
4.907
5.284
5.01
5.134
4.487
4.757
5.176
5.31
5.026
4.943
4.23
4.58
3.591
5.54
5.234
4.609
5.851
5.01
5.511
4.991
4.218
5.128
5.061
4.726
5.154
4.778
3.699
4.113
4.847
3.242
5.089
5.89
5.493
5.293
3.594
5.162
4.402
3.694
5.063
4.23
5.016
5.256
4.399
4.511
4.558
4.617
4.316
4.176
4.128
5.18
5.45
5.097
3.804
5.297
5.169
5.312
3.904
4.47
4.789
5.192
5.41
4.509
4.622
3.427
5.499
4.864
5.106
5.006
3.124
4.569
5.821
3.381
4.123
5.019
4.824
4.836
4.605
4.087
4.542
4.936
4.547
5.005
4.219
5.373
4.757
5.264
5.075
4.699
5.136
4.914
5.669
5.324
4.36
4.103
4.428
4.979
4.865
5.077
3.822
5.424
5.058
5.302
4.077
4.243
3.477
4.065
4.808
3.426
5.261
4.18
4.142
4.737
4.512
4.042
4.801
4.095
3.185
5.791
4.535
5.196
3.568
4.707
4.821
4.141
4.851
5.044
5.401
3.589
5.016
4.809
5.561
5.7
4.324
3.388
5.545
4.673
5.409
5.438
4.334
4.818
5.866
4.817
5.028
5.282
5.162
5.685
4.08
5.644
3.765
5.611
4.56
5.04
5.448
4.182
4.018
4.014
5.314
4.168
5.08
4.727
4.182
3.807
3.782
4.452
5.001
5.616
4.412
5.575
5.339
4.384
3.984
5.003
3.348
5.311
5.064
5.662
5.17
4.921
3.907
5.182
4.952
4.467
5.201
4.341
4.172
4.031
4.248
4.367
4.327
5.932
4.621
4.968
4.856
5.487
5.828
4.843
4.496
5.072
3.348
5.177
4.414
4.696
3.687
3.633
3.883
4.409
4.352
4.915
4.41
5.242
5.499
3.592
4.357
5.374
4.601
4.439
4.792
3.719
5.19
5.136
4.888
3.86
4.056
4.198
5.396
4.923
5.635
5.617
4.798
4.019
4.398
5.415
4.606
5.073
4.551
3.877
5.26
5.106
4.759
5.481
5.239
4.716
4.305
4.362
3.531
5.421
4.179
4.942
4.906
3.82
4.628
5.051
4.382
5.074
4.923
4.667
4.22
5.406
5.68
4.84
4.283
4.769
3.951
4.312
3.553
4.97
4.702
5.596
4.592
3.534
3.939
5.49
5.415
5.06
5.005
4.653
4.201
5.847
4.368
4.595
3.972
5.205
4.461
3.356
4.676
5.183
5.129
5.316
5.238
4.448
4.675
5.599
4.518
4.768
4.63
4.378
5.446
5.155
4.752
4.134
3.495
4.17
3.472
4.613
4.74
4.606
4.003
4.308
5.268
5.198
3.983
4.927
5.671
5.515
5.182
4.076
5.486
5.199
4.24
4.605
4.804
4.119
4.974
5.802
4.768
4.93
4.361
4.515
5.765
4.454
4.817
4.72
3.998
4.107
5.508
4.17
4.806
5.461
4.833
3.669
4.156
5.256
5.585
3.9
4.935
3.802
4.869
5.562
4.607
5.379
5.175
3.387
4.773
4.662
4.792
4.412
5.909
5.111
4.838
3.769
3.79
4.313
5.153
3.923
3.236
5.048
5.123
5.368
5.323
3.356
4.439
4.686
4.295
4.425
4.727
5.674
3.806
4.23
5.097
4.951
5.409
4.278
4.19
4.459
5.083
4.583
5.397
4.474
4.525
4.883
5.026
3.531
4.651
4.446
4.211
4.561
4.691
4.758
4.204
4.801
4.408
3.233
5.358
4.375
4.881
4.503
3.69
5.395
3.982
5.221
4.568
5.033
4.959
4.154
3.799
4.791
4.461
4.257
5.04
5.451
4.058
5.275
5.512
5.221
3.871
5.044
4.64
4.871
5.105
5.307
4.466
5.067
3.218
4.285
5.434
5.622
4.551
5.524
5.09
4.547
4.511
4.034
5.007
4.682
3.415
4.869
3.53
4.868
4.403
5.518
3.837
5.446
5.218
5.258
5.91
5.329
5.026
3.164
5.509
4.514
5.053
4.315
4.147
5.56
4.534
3.613
5.201
4.238
4.603
4.915
5.769
4.31
4.873
4.706
4.669
4.828
4.811
4.414
3.597
4.024
4.577
4.462
5.161
4.814
5.295
3.734
3.18
5.192
4.676
5.506
4.833
4.872
3.859
4.329
5.824
4.173
4.541
4.331
4.874
4.299
4.195
5.541
4.444
5.073
4.951
4.75
4.738
4.496
4.502
4.116
4.762
5.521
4.256
3.597
4.009
4.701
4.958
5.06
4.813
3.063
4.703
5.689
3.985
4.861
4.051
4.842
4.394
3.987
4.952
5.206
4.892
5.002
4.81
4.911
4.455
4.922
5.564
4.757
5.256
5.494
4.33
4.49
5.249
3.614
5.233
4.863
3.558
3.947
4.827
3.915
4.458
4.485
5.546
4.168
5.487
4.283
5.337
5.285
5.601
3.442
4.831
4.021
4.716
3.844
3.759
3.73
4.026
5.246
5.023
4.186
4.371
3.449
4.611
5.587
5.28
5.108
4.706
4.46
4.885
5.696
4.171
4.466
4.95
3.94
5.378
4.435
4.595
5.22
4.582
5.246
3.387
4.765
3.17
4.439
5.016
4.333
3.502
5.604
4.875
4.548
5.278
5.195
5.543
3.463
5.362
5.298
4.542
4.687
3.622
4.611
5.272
4.335
4.613
4.064
5.415
3.674
4.684
3.643
3.803
4.621
5.06
4.247
4.36
5.315
4.981
5.227
5.84
4.907
3.991
3.742
3.729
4.431
3.671
3.533
5.623
4.711
3.992
4.521
4.126
5.384
3.756
5.374
4.961
4.711
4.954
4.006
4.441
5.1
4.507
5.829
3.127
5.17
4.795
5.391
4.176
3.375
5.809
5.097
4.715
4.48
5.42
4.184
5.267
4.777
5.56
4.982
4.8
4.46
3.777
4.98
4.394
5.124
4.554
4.099
5.026
4.225
3.823
3.668
3.337
4.277
4.615
4.389
4.897
4.964
3.75
5.034
4.504
4.898
3.582
5.17
3.786
5.023
5.207
3.667
4.383
3.786
5.018
3.983
4.953
3.957
5.143
5.271
4.815
4.264
5.208
5.197
5.172
4.673
4.804
3.797
4.551
3.44
4.581
4.458
4.672
5.157
5.227
3.944
4.864
3.317
5.77
5.319
5.368
4.071
4.097
4.019
4.968
4.136
4.658
4.333
5.295
5.156
5.085
5.534
3.902
4.686
5.583
5.565
5.177
4.375
5.962
5.037
5.343
3.769
5.259
4.649
3.604
4.704
4.933
3.764
4.364
4.903
5.127
4.51
4.418
3.906
4.7
5.478
4.271
4.147
4.279
5.034
3.738
5.333
4.414
4.421
4.236
5.391
3.938
4.286
5.011
4.746
4.956
4.92
4.935
3.201
4.699
3.566
4.832
4.174
5.21
4.684
4.963
3.98
5.056
3.575
5.725
5.244
4.36
5.259
5.261
4
3.791
3.879
3.934
3.85
5.693
4.485
5.047
5.236
3.945
3.978
5.325
5.072
4.19
4.683
4.941
4.771
4.328
4.542
4.155
5.498
4.867
5.124
4.257
3.731
5.196
5.028
5.492
4.866
4.78
3.995
5.134
3.536
4.08
5.034
4.173
5.899
4.151
4.592
4.524
4.481
3.571
5.521
5.558
4.191
5.016
5.134
3.933
4.392
4.495
5.51
4.622
4.416
4.636
5.616
5.298
5.276
3.814
4.91
5.14
4.231
5.167
4.113
4.902
4.725
4.158
4.58
5.075
4.896
4.785
4.489
4.392
5.348
5.97
5.025
5.12
5.143
5.136
5.509
5.224
3.327
4.435
4.989
4.288
3.598
5.208
3.73
4.596
5.107
5.393
3.842
4.561
3.616
4.858
5.261
5.743
5.257
5.515
5.703
4.761
4.456
5.006
4.501
4.988
5.214
4.506
4.06
5.139
5.057
4.408
5.484
5.382
3.989
5.254
5.319
5.562
4.476
5.183
5.642
5.288
3.55
5.308
4.326
5.007
3.589
5.25
5.438
5.008
5.337
5.056
4.412
5.711
5.195
5.761
5.605
3.964
5.306
3.926
4.054
4.427